I  Z1  3   20 2          3  9  2017 1   SLT 1                                                                 1                                                                 1                                                                 1                                                                 1                                                                 1                                                                 1                                                                
I  A1  3   20 2          3  9  2017 1   SLT 4 3   1 2 1 6  1952 1 1 1                                                               1                                                               88                                                              88                                                              2                                                              17 2 1 1 2 555 3
I  A2  3   20 2          3  9  2017 1   SLT 4  1950 1 0                                                                 1                                                               3                                                               88                                                              18 1 30  1     0
I  A3  3   20 2          3  9  2017 1   SLT 1 2                                                              1                                                              3                                                              2                                                              1 Familial                                                     1                                                              11 1920 66  1 400 1 50  4  1919 73  8           1  4  1960 888 8                                                                                                                                                                                                                                                                                                                                                                                                                                                                                   1  6  1969 888 8                                                                                                                                                                                                                                                                                                                                                          
I  A4G 3   20 2          3  9  2017 1   SLT 0
I  A5  3   20 2          3  9  2017 1   SLT 1 1 30 1 888 0   0        0 0 0 0 0 0 0 0                                                              0        0        0      0      0 0            0   0 0 0 0 0                                                                        0 0 0 0 0 0                                                              0 0                                                              0 0 0 0 0 0 0 0 0                                                             
I  B1  3   20 2          3  9  2017 1   SLT 57   162 79  115 64  0 1 1 0 1 1
I  B4  3   20 2          3  9  2017 1   SLT 0.5 0   0   0   0   0   0.5  0.5 0   0  
I  B5  3.1 20 2          3  9  2017 1   SLT 2                                                              0   0   0   0   0   0   0   0       0   0   0  
I  B6  3   20 2          3  9  2017 1   SLT   0 0 0 0 0 1 0 1 0 1 0 0 0 0 0 3 
I  B7  3   20 2          3  9  2017 1   SLT 0 0 0 0 0 0 0 0 0 0
I  B8  3   20 2          3  9  2017 1   SLT   0                   0                 0 0                                   0 0 0                                                             
I  B9  3   20 2          3  9  2017 1   SLT 0 0 0                                                                                                                                                                                                                      0                                                                                                                                                                                                                                    0                                                                                            1 8 0 0
I  D1  3   20 2          3  9  2017 1   SLT 2 1                                                   0 0 0 0 0 0 0 0 0 0                                                                0 0 0 0 0   1 0 0                                                              0   0     0   0   0   0   0                                                                  0             0   0   0   0   0     0   0   0     0   0                                                                0     0   0   0   0   0   0                                                                0     0   0   0   0                                                                0                                                                0                                                               
I  D2  3   20 2          3  9  2017 1   SLT                                                                0 0 0 0 0 0 0 0 0 0                                                                        0 0 0 0 0 0                                                              0 0 0 0 0                                                              0                                                             
0   0 0 0 0                                                              0   1 1 0                                                              0                                                             
