I  Z1  3   20 UM00001351 4  26 2017 1   EAR 1                                                                 1                                                                 1                                                                 1                                                                 1                                                                 1                                                                 1                                                                
I  A1  3   20 UM00001351 4  26 2017 1   EAR 4 8   2 2 1 8  1928 2 0                                                                 2                                                               88                                                              88                                                              1                                                              16 2 1 1 1 482 2
I  A2  3   20 UM00001351 4  26 2017 1   EAR 7  1935 1 0                                                                 2                                                               88                                                              88                                                              16 3 82  0 5 3 0
I  A3  3   20 UM00001351 4  26 2017 1   EAR 0 0                                                                                                                             0                                                                                                                             0                                                                                                                             8  1910 91  8           2  1907 79  8           2  11 1929 888 9           7  1935 888 8                                                                                                                                                                                                                                                                                                                                                                                                                                                           4  8  1955 888 8           2  1962 888 8           3  1963 888 8           6  1973 888 8                                                                                                                                                                                                                                                                                  
I  A4G 3   20 UM00001351 4  26 2017 1   EAR 1
I  A4D 3   20 UM00001351 4  26 2017 1   EAR 100732
I  A4D 3   20 UM00001351 4  26 2017 1   EAR 103137
I  A5  3   20 UM00001351 4  26 2017 1   EAR 0 0          1 0 0        0 0 0 0 0 0 0 0                                                              0        0        0      0      0 0            0   1 0 0 0 0                                                                        0 0 0 0 0 0                                                              0 0                                                              0 0 0 0 0 0 0 0 0                                                             
I  B1  3   20 UM00001351 4  26 2017 1   EAR 62   122 150 90  84  0 1 1 1 0  
I  B4  3   20 UM00001351 4  26 2017 1   EAR 1   0.5 0   0   0   0   1.5  0.5 0   0  
I  B5  3.1 20 UM00001351 4  26 2017 1   EAR 3 Sibling                                                      0   0   0   0   0   0   0   0   0   0   0   0  
I  B6  3   20 UM00001351 4  26 2017 1   EAR   0 0 0 0 0 0 0 0 0 0 0 0 0 0 0 0 
I  B7  3   20 UM00001351 4  26 2017 1   EAR 0 0 0 0 0 0 0 0 0 0
I  B8  3   20 UM00001351 4  26 2017 1   EAR 0                                                                                                                                               
I  B9  3   20 UM00001351 4  26 2017 1   EAR 1 0 1 1 1 0 0 0 0 0     0                                                              1                                                               1                                                               88  0                                                                                                                                                                                                                                    0                                                                                            1 1 0 0
I  D1  3   20 UM00001351 4  26 2017 1   EAR                                                                                                                                                                                                                         0   0     0   0   0   0   0                                                                  0             0   0   0   0   0     0   0   0     0   0                                                                0     0   0   0   0   0   0                                                                0     0   0   0   0                                                                0                                                                0                                                               
I  D2  3   20 UM00001351 4  26 2017 1   EAR 0                                                              0 0 0 0 1 0 0 0 0 0                                                                        0 0 0 0 0 0                                                              0 0 0 0 0                                                              0                                                             
